1.13531
1.11852
1.10177
1.08526
1.06900
1.05298
1.03717
1.02158
1.00623
0.99109
0.97604
0.96113
0.94644
0.93194
0.91758
0.90336
0.88930
0.87539
0.86160
0.84797
0.83418
0.82022
0.80622
0.79234
0.77859
0.76498
0.75148
0.73809
0.72469
0.71134
0.69810
0.68486
0.67163
0.65850
0.64549
0.63260
0.61984
0.60719
0.59464
0.58220
0.56988
0.55766
0.54548
0.53336
0.52111
0.50866
0.49635
0.48420
0.47208
0.46010
0.44830
0.43670
0.42528
0.41405
0.40301
0.39216
0.38149
0.37101
0.36067
0.35047
0.34049
0.33070
0.32111
0.31156
0.30217
0.29298
0.28400
0.27522
0.26663
0.25823
0.25003
0.24203
0.23422
0.22660
0.21917
0.21194
0.20489
0.19803
0.19137
0.18488
0.17855
0.17238
0.16637
0.16055
0.15490
0.14945
0.14416
0.13899
0.13398
0.12914
0.12448
0.12000
0.11567
0.11146
0.10740
0.10349
0.09972
0.09610
0.09263
0.08930
0.08611
0.08304
0.08010
0.07729
0.07462
0.07206
0.06963
0.06730
0.06509
0.06299
0.06099
0.05909
0.05729
0.05558
0.05396
0.05243
0.05098
0.04960
0.04830
0.04708
0.04591
0.04482
0.04378
0.04280
0.04188
0.04101
0.04018
0.03941
0.03867
0.03798
0.03732
0.03670
0.03609
0.03552
0.03498
0.03447
0.03399
0.03353
0.03309
0.03268
0.03229
0.03191
0.03156
0.03121
0.03089
0.03057
0.03027
0.03000
0.02974
0.02950
0.02926
0.02903
0.02881
0.02860
0.02839
0.02818
0.02798
0.02778
0.02759
0.02740
0.02721
0.02703
0.02687
0.02671
0.02656
0.02641
0.02626
0.02612
0.02597
0.02583
0.02569
0.02555
0.02541
0.02527
0.02513
0.02499
0.02486
0.02472
0.02459
0.02446
0.02433
0.02420
0.02406
0.02393
0.02380
0.02367
0.02354
0.02341
0.02328
0.02314
0.02301
0.02285
0.02269
0.02252
0.02236
0.02220
0.02204
0.02188
0.02172
0.02156
0.02140
0.02124
0.02109
0.02093
0.02077
0.02062
0.02046
0.02031
0.02015
0.02000
0.01984
0.01969
0.01954
0.01938
0.01923
0.01908
0.01893
0.01878
0.01863
0.01848
0.01832
0.01817
0.01801
0.01786
0.01770
0.01755
0.01740
0.01725
0.01710
0.01695
0.01680
0.01665
0.01650
0.01636
0.01621
0.01607
0.01593
0.01579
0.01565
0.01551
0.01537
0.01523
0.01509
0.01495
0.01482
0.01468
0.01454
0.01440
0.01427
0.01413
0.01400
0.01387
0.01373
0.01360
0.01346
0.01333
0.01319
0.01306
0.01293
0.01280
0.01267
0.01254
0.01241
0.01228
0.01215
0.01202
0.01190
0.01177
0.01165
0.01153
0.01141
0.01129
0.01118
0.01106
0.01094
0.01082
0.01070
0.01058
0.01047
0.01035
0.01023
0.01012
0.01000
0.00989
0.00978
0.00966
0.00955
0.00944
0.00933
0.00922
0.00911
0.00900
0.00890
0.00880
0.00869
0.00859
0.00849
0.00839
0.00830
0.00820
0.00811
0.00802
0.00793
0.00784
0.00775
0.00766
0.00757
0.00749
0.00741
0.00732
0.00724
0.00716
0.00708
0.00701
0.00693
0.00685
0.00677
0.00669
0.00661
0.00653
0.00646
0.00638
0.00631
0.00623
0.00616
0.00609
0.00602
0.00595
0.00588
0.00581
0.00575
0.00568
0.00561
0.00555
0.00548
0.00542
0.00536
0.00529
0.00523
0.00517
0.00511
0.00505
0.00499
0.00494
0.00488
0.00482
0.00477
0.00471
0.00465
0.00460
0.00455
0.00449
0.00444
0.00438
0.00433
0.00428
0.00422
0.00417
0.00411
0.00404
0.00398
0.00392
0.00386
0.00379
0.00373
0.00367
0.00360
0.00354
0.00348
0.00343
0.00337
0.00332
0.00326
0.00321
0.00316
0.00311
0.00306
0.00301
0.00297
0.00293
0.00288
0.00284
0.00280
0.00276
0.00272
0.00268
0.00265
0.00260
0.00256
0.00251
0.00247
0.00242
0.00238
0.00234
0.00230
0.00226
0.00222
0.00218
0.00215
0.00211
0.00207
0.00204
0.00201
0.00197
0.00194
0.00191
0.00188
0.00185
0.00182
0.00179
0.00177
0.00174
0.00172
0.00169
0.00167
0.00164
0.00162
0.00160
0.00158
0.00155
0.00153
0.00151
0.00149
0.00147
0.00145
0.00144
0.00142
0.00140
0.00138
0.00137
0.00135
0.00133
0.00132
0.00130
0.00128
0.00126
0.00125
0.00123
0.00121
0.00120
0.00118
0.00117
0.00116
0.00114
0.00113
0.00112
0.00110
0.00109
0.00108
0.00107
0.00105
0.00104
0.00103
0.00102
0.00101
0.00100
0.00099
0.00098
0.00097
0.00096
0.00095
0.00094
0.00093
0.00092
0.00091
0.00090
0.00089
0.00088
0.00087
0.00086
0.00085
0.00085
0.00084
0.00083
0.00082
0.00081
0.00080
0.00079
0.00079
0.00078
0.00077
0.00076
0.00075
0.00075
0.00074
0.00073
0.00073
0.00072
0.00071
0.00070
0.00070
0.00069
0.00069
0.00068
0.00067
0.00067
0.00066
0.00066
0.00065
0.00065
0.00064
0.00063
0.00063
0.00062
0.00062
0.00061
0.00061
0.00060
0.00060
0.00059
0.00059
0.00058
0.00058
0.00057
0.00057
0.00056
0.00056
0.00055
0.00055
0.00055
0.00054
0.00054
0.00053
0.00053
0.00052
0.00052
0.00052
0.00051
0.00051
0.00050
0.00050
0.00049
0.00049
0.00048
0.00048
0.00048
0.00047
0.00047
0.00047
0.00046
0.00046
0.00045
0.00045
0.00045
0.00044
0.00044
0.00043
0.00043
0.00042
0.00042
0.00042
0.00041
0.00041
0.00041
0.00040
0.00040
0.00040
0.00039
0.00039
0.00038
0.00038
0.00038
0.00037
0.00037
0.00037
0.00036
0.00036
0.00036
0.00035
0.00035
0.00034
0.00034
0.00034
0.00033
0.00033
0.00033
0.00032
0.00032
0.00032
0.00031
0.00031
0.00031
0.00031
0.00030
0.00030
0.00030
0.00030
0.00029
0.00029
0.00029
0.00029
0.00028
0.00028
0.00028
0.00028
0.00027
0.00027
0.00027
0.00027
0.00027
0.00026
0.00026
0.00026
0.00026
0.00026
0.00025
0.00025
0.00025
0.00025
0.00025
0.00024
0.00024
0.00024
0.00024
0.00024
0.00023
0.00023
0.00023
0.00023
0.00022
0.00022
0.00022
0.00022
0.00022
0.00021
0.00021
0.00021
0.00021
0.00021
0.00020
0.00020
0.00020
0.00020
0.00020
0.00020
0.00019
0.00019
0.00019
0.00019
0.00019
0.00018
0.00018
0.00018
0.00018
0.00018
0.00018
0.00017
0.00017
0.00017
0.00017
0.00017
0.00017
0.00017
0.00016
0.00016
0.00016
0.00016
0.00016
0.00016
0.00016
0.00015
0.00015
0.00015
0.00015
0.00015
0.00015
0.00015
0.00015
0.00014
0.00014
0.00014
0.00014
0.00014
0.00014
0.00014
0.00014
0.00014
0.00013
0.00013
0.00013
0.00013
0.00013
0.00013
0.00013
0.00013
0.00013
0.00013
0.00013
0.00012
0.00012
0.00012
0.00012
0.00012
0.00012
0.00012
0.00012
0.00012
0.00012
0.00012
0.00012
0.00012
0.00012
0.00011
0.00011
0.00011
0.00011
0.00011
0.00011
0.00011
0.00011
0.00011
0.00011
0.00011
0.00011
0.00011
0.00011
0.00011
0.00011
0.00011
0.00010
0.00010
0.00010
0.00010
0.00010
0.00010
0.00010
0.00010
0.00010
0.00010
0.00010
0.00010
0.00010
0.00010
0.00010
0.00010
0.00010
0.00010
0.00010
0.00010
0.00010
0.00009
0.00009
0.00009
0.00009
0.00009
0.00009
0.00009
0.00009
0.00009
0.00009
0.00009
0.00009
0.00009
0.00009
0.00009
0.00009
0.00009
0.00009
0.00009
0.00009
0.00009
0.00009
0.00009
0.00009
0.00009
0.00009
0.00009
0.00008
0.00008
0.00008
0.00008
0.00008
0.00008
0.00008
0.00008
0.00008
0.00008
0.00008
0.00008
0.00008
0.00008
0.00008
0.00008
0.00008
0.00008
0.00008
0.00008
0.00008
0.00008
0.00008
0.00008
0.00008
0.00008
0.00008
0.00008
0.00008
0.00008
0.00008
0.00008
0.00008
0.00008
0.00008
0.00008
0.00008
0.00008
0.00008
0.00008
0.00008
0.00008
0.00008
0.00008
0.00008
0.00008
0.00008
0.00008
0.00008
0.00008
0.00008
0.00008
0.00008
0.00008
0.00008
0.00007
0.00007
0.00007
0.00007
0.00007
0.00007
0.00007
0.00007
0.00007
0.00007
0.00007
0.00007
0.00007
0.00007
0.00007
0.00007
0.00007
0.00007
0.00007
0.00007
0.00007
0.00007
0.00007
0.00007
0.00007
0.00007
0.00007
0.00007
0.00007
0.00007
0.00007
0.00007
0.00007
0.00007
0.00007
0.00007
0.00007
0.00007
0.00007
0.00007
0.00007
0.00007
0.00007
0.00007
0.00007
0.00007
0.00007
0.00007
0.00007
0.00007
0.00007
0.00007
0.00007
0.00007
0.00007
0.00007
0.00007
0.00007
0.00007
0.00007
0.00007
0.00007
0.00007
0.00007
0.00007
0.00007
0.00007
0.00007
0.00007
0.00007
0.00007
0.00007
0.00006
0.00006
0.00006
0.00006
0.00006
0.00006
0.00006
0.00006
0.00006
0.00006
0.00006
0.00006
0.00006
0.00006
0.00006
0.00006
0.00006
0.00006
0.00006
0.00006
0.00006
0.00006
0.00006
0.00006
0.00006
0.00006
0.00005
0.00005
0.00005
0.00005
0.00005
0.00005
0.00005
0.00005
0.00005
0.00005
0.00005
0.00005
0.00005
0.00005
0.00005
0.00005
0.00005
0.00005
0.00005
0.00005
0.00005
0.00005
0.00005
0.00005
0.00005
0.00005
0.00005
0.00005
0.00005
0.00005
0.00005
0.00005
0.00005
0.00005
0.00005
0.00005
0.00005
0.00005
0.00005
0.00005
0.00005
0.00005
0.00005
0.00005
0.00005
0.00005
0.00005
0.00005
0.00005
0.00005
0.00005
0.00005
0.00005
0.00005
0.00005
0.00005
0.00005
0.00005
0.00005
0.00005
0.00005
0.00005
0.00005
0.00005
0.00005
0.00005
0.00005
0.00005
0.00005
0.00005
0.00005
0.00005
0.00005
0.00005
0.00005
0.00005
0.00005
0.00005
0.00005
0.00005
0.00005
0.00005
0.00005
0.00005
0.00005
0.00005
0.00005
0.00005
0.00005
0.00005
0.00005
0.00005
0.00005
0.00005
0.00005
0.00005
0.00005
0.00005
0.00005
0.00005
0.00005
0.00005
0.00005
0.00005
0.00005
0.00005
0.00005
0.00005
0.00005
0.00005
0.00005
0.00005
0.00005
0.00005
0.00005
0.00005
0.00005
0.00005
0.00005
0.00005
0.00005
0.00005
0.00005
0.00005
0.00005
0.00005
0.00005
0.00005
0.00005
0.00005
0.00005
0.00005
0.00005
0.00005
0.00005
0.00005
0.00005
0.00005
0.00005
0.00005
0.00005
0.00005
0.00005
0.00005
0.00005
0.00005
0.00005
0.00005
0.00005
0.00005
0.00005
0.00005
0.00005
0.00005
0.00005
0.00005
0.00005
0.00005
0.00005
0.00005
0.00005
0.00005
0.00005
0.00005
0.00005
0.00005
0.00005
0.00005
0.00005
0.00005
0.00005
0.00005
0.00005
0.00005
0.00005
0.00005
0.00005
0.00005
0.00005
0.00005
0.00005
0.00005
0.00005
0.00005
0.00005
0.00005
0.00005
0.00005
0.00005
0.00005
0.00005
0.00005
0.00005
0.00005
0.00005
0.00005
0.00005
0.00005
0.00005
0.00005
0.00005
0.00005
0.00005
0.00005
0.00005
0.00005
0.00005
0.00005
0.00005
0.00005
0.00005
0.00005
0.00005
0.00005
0.00005
0.00005
0.00005
0.00005
0.00005
0.00005
0.00005
0.00005
0.00005
0.00005
0.00005
0.00005
0.00005
0.00005
0.00005
0.00005
0.00005
0.00005
0.00005
0.00005
0.00005
0.00005
0.00005
0.00005
0.00005
0.00005
0.00005
0.00005
0.00005
0.00005
0.00005
0.00005
0.00005
0.00005
0.00005
0.00005
0.00005
0.00005
0.00005
0.00005
0.00005
0.00005
0.00005
0.00005
0.00005
0.00005
0.00005
0.00005
0.00005
0.00005
0.00005
0.00005
0.00005
0.00005
0.00005
0.00005
0.00005
0.00005
0.00005
0.00005
0.00005
0.00005
0.00005
0.00005
0.00005
0.00005
0.00005
0.00005
0.00005
0.00005
0.00005
0.00005
0.00005
0.00005
0.00005
0.00005
0.00005
0.00005
0.00005
0.00005
0.00005
0.00005
0.00005
0.00005
0.00005
0.00005
0.00005
0.00005
0.00005
0.00005
0.00005
0.00005
0.00005
0.00005
0.00005
0.00005
0.00005
0.00005
0.00005
0.00005
0.00005
0.00005
0.00005
0.00005
0.00005
0.00005
0.00005
0.00005
0.00005
0.00005
0.00005
0.00005
0.00005
0.00005
0.00005
0.00005
0.00005
0.00005
0.00005
0.00005
0.00005
0.00005
0.00005
0.00005
0.00005
0.00005
0.00005
0.00005
0.00005
0.00005
0.00005
0.00005
0.00005
0.00005
0.00005
0.00005
0.00005
0.00005
0.00005
0.00005
0.00005
0.00005
0.00005
0.00005
0.00005
0.00005
0.00005
0.00005
0.00005
0.00005
0.00005
0.00005
0.00005
0.00005
0.00005
0.00005
0.00005
0.00005
0.00005
0.00005
0.00005
0.00005
0.00005
0.00005
0.00005
0.00005
0.00005
0.00005
0.00005
0.00005
0.00005
0.00005
0.00005
0.00005
0.00005
0.00005
0.00005
0.00005
0.00005
0.00005
0.00005
0.00005
0.00005
0.00005
0.00005
0.00005
0.00005
0.00005
0.00005
0.00005
0.00005
0.00005
0.00005
0.00005
0.00005
0.00005
0.00005
0.00005
0.00005
0.00005
0.00005
0.00005
0.00005
0.00005
0.00005
0.00005
0.00005
0.00005
0.00005
0.00005
0.00005
0.00005
0.00005
0.00005
0.00005
0.00005
0.00005
0.00005
0.00005
0.00005
0.00005
0.00005
0.00005
0.00005
0.00005
0.00005
0.00005
0.00005
0.00005
0.00005
0.00005
0.00005
0.00005
0.00005
0.00005
0.00005
0.00005
0.00005
0.00005
0.00005
0.00005
0.00005
0.00005
0.00005
0.00005
0.00005
0.00005
0.00005
0.00005
0.00005
0.00005
0.00005
0.00005
0.00005
0.00005
0.00005
0.00005
0.00005
0.00005
0.00005
0.00005
0.00005
0.00005
0.00005
0.00005
0.00005
0.00005
0.00005
0.00005
0.00005
0.00005
0.00005
0.00005
0.00005
0.00005
0.00005
0.00005
0.00005
0.00005
0.00005
0.00005
0.00005
0.00005
0.00005
0.00005
0.00005
0.00005
0.00005
0.00005
0.00005
0.00005
0.00005
0.00005
0.00005
0.00005
0.00005
0.00005
0.00005
0.00005
0.00005
0.00005
0.00005
0.00005
0.00005
0.00005
0.00005
0.00005
0.00005
0.00005
0.00005
0.00005
0.00005
0.00005
0.00005
0.00005
0.00005
